43
454564
4223232
54
3
3
234
543
12312
3214
543
6543
654
43
454564
4223232
54
3
3
234
543
12312
3214
543
6543
654
43
454564
4223232
54
3
3
234
543
12312
3214
543
6543
654
43
454564
4223232
54
3
3
234
543
12312
3214
543
6543
654
43
454564
4223232
54
3
3
234
543
12312
3214
543
6543
654
43
454564
4223232
54
3
3
234
543
12312
3214
543
6543
654
43
454564
4223232
54
3
3
234
543
12312
3214
543
6543
654
43
454564
4223232
54
3
3
234
543
12312
3214
543
6543
654
43
454564
4223232
54
3
3
234
543
12312
3214
543
6543
654
43
454564
4223232
54
3
3
234
543
12312
3214
543
6543
654
43
454564
4223232
54
3
3
234
543
12312
3214
543
6543
654
43
454564
4223232
54
3
3
234
543
12312
3214
543
6543
654
43
454564
4223232
54
3
3
234
543
12312
3214
543
6543
654
43
454564
4223232
54
3
3
234
543
12312
3214
543
6543
654
43
454564
4223232
54
3
3
234
543
12312
3214
543
6543
654
43
454564
4223232
54
3
3
234
543
12312
3214
543
6543
654
43
454564
4223232
54
3
3
234
543
12312
3214
543
6543
654
43
454564
4223232
54
3
3
234
543
12312
3214
543
6543
654
43
454564
4223232
54
3
3
234
543
12312
3214
543
6543
654
43
454564
4223232
54
3
3
234
543
12312
3214
543
6543
654
43
454564
4223232
54
3
3
234
543
12312
3214
543
6543
654
43
454564
4223232
54
3
3
234
543
12312
3214
543
6543
654
43
454564
4223232
54
3
3
234
543
12312
3214
543
6543
654
43
454564
4223232
54
3
3
234
543
12312
3214
543
6543
654
43
454564
4223232
54
3
3
234
543
12312
3214
543
6543
654
43
454564
4223232
54
3
3
234
543
12312
3214
543
6543
654
43
454564
4223232
54
3
3
234
543
12312
3214
543
6543
654
43
454564
4223232
54
3
3
234
543
12312
3214
543
6543
654
43
454564
4223232
54
3
3
234
543
12312
3214
543
6543
654
43
454564
4223232
54
3
3
234
543
12312
3214
543
6543
654
43
454564
4223232
54
3
3
234
543
12312
3214
543
6543
654
43
454564
4223232
54
3
3
234
543
12312
3214
543
6543
654
